20240102033757|13|
20240101033748|66|
20231231033811|628|
20231230033751|402|
20231229034032|3555|
20231228033718|3766|
20231227033846|2612|
20231226033739|4|
20231225033803|580|
20231224033712|5416|
20231223033827|12251|
20231222033842|2400|
20231221033922|3165|
20231219033857|6|
20231218033726|1383|
20231217033906|430|
20231216033948|3025|
20231215033908|1856|
20231214033830|1698|
20231213033808|1114|
20231211042844|52|
20231210034058|2291|
20231209033842|1140|
20231208033943|1467|
20231207033829|2407|
20231206033921|1207|
20231204033801|15|
20231203034549|2443|
20231202033957|1876|
20231201034813|11012|
20231130033842|514|
20231129033901|2466|
20231127033833|930|
20231126034026|2213|
20231125033915|1363|
20231124033750|1862|
20231123033859|2216|
20231122034032|1853|
20231121033751|246|
20231120033821|158|
20231119033818|2130|
20231118033906|9|
20231117023002|1968|
20231117023001|701|
20231116023002|944|
20231116023001|869|
20231115023002|750|
20231115023001|1610|
20231114023002|1162|
20231114023001|929|
20231113023002|36|
20231113023001|2|
20231112023002|84|
20231112023001|28|
20231111023002|954|
20231111023001|639|
20231110023002|1044|
20231110023001|540|
20231109023002|630|
20231109023001|757|
20231108023002|1320|
20231108023001|783|
20231107023002|1064|
20231107023001|863|
20231106023001|26|
20231104023002|2168|
20231104023001|934|
20231103023002|8038|
20231103023001|771|
20231102023002|1468|
20231102023001|724|
20231101023002|1938|
20231101023001|667|
20231031023002|7586|
20231031023001|961|
20231030023001|28|
20231029023002|1600|
20231029023001|16|
20231028023002|3318|
20231028023001|562|
20231027023002|1958|
20231027023001|1022|
20231026023002|1504|
20231026023001|868|
20231025023002|1244|
20231025023001|802|
20231024023002|2486|
20231024023001|888|
20231023023001|101|
20231022023002|2048|
20231022023001|257|
20231021023002|266|
20231021023001|873|
20231020023002|94|
20231020023001|555|
20231019023002|96|
20231019023001|917|
20231018023002|948|
20231018023001|1620|
20231017023002|834|
20231017023001|878|
20231016023001|183|
20231015023001|57|
20231014023002|856|
20231014023001|668|
20231013023002|518|
20231013023001|701|
20231012023002|424|
20231012023001|1077|
20231011023002|1224|
20231011023001|581|
20231010023002|502|
20231010023001|706|
20231008023002|6|
20231008023001|117|
20231007023002|738|
20231007023001|408|
20231006023002|1562|
20231006023001|581|
20231005023002|2072|
20231005023001|481|
20231004023002|1960|
20231004023001|617|
20231003023002|1534|
20231003023001|609|
20231002023001|55|
20231001023002|2006|
20231001023001|104|
20230930023002|2096|
20230930023001|184|
20230929023002|7710|
20230929023001|382|
20230928023002|2466|
20230928023001|356|
20230927023002|2460|
20230927023001|480|
20230926023002|4182|
20230926023001|566|
20230925023001|101|
20230924023002|2318|
20230924023001|126|
20230923023002|3056|
20230923023001|731|
20230922023002|2194|
20230922023001|753|
20230921023002|1862|
20230921023001|732|
20230920023002|1738|
20230920023001|606|
20230919023002|1010|
20230919023001|238|
20230918023001|27|
20230917023001|63|
20230916023002|308|
20230916023001|280|
20230915023002|738|
20230915023001|116|
20230914023002|560|
20230914023001|242|
20230913023002|886|
20230913023001|461|
20230912023002|864|
20230912023001|372|
20230910023002|6|
20230910023001|116|
20230909023002|294|
20230909023001|249|
20230908023002|422|
20230908023001|201|
20230907023002|372|
20230907023001|158|
20230906023002|680|
20230906023001|460|
20230905023002|130|
20230905023001|9|
20230903023002|50|
20230902023002|562|
20230902023001|471|
20230901023002|1548|
20230901023001|184|
20230831023002|1294|
20230831023001|221|
20230830023002|1028|
20230830023001|500|
20230829023002|3102|
20230829023001|270|
20230828023001|128|
20230827023002|2104|
20230827023001|30|
20230826023002|3292|
20230826023001|490|
20230825023002|2186|
20230825023001|345|
20230824023002|1724|
20230824023001|248|
20230823023002|14432|
20230823023001|280|
20230822023002|1834|
20230822023001|173|
20230821023001|28|
20230820023002|3500|
20230819023002|1770|
20230819023001|319|
20230818023002|1504|
20230818023001|189|
20230817023002|1210|
20230817023001|267|
20230816023002|248|
20230816023001|134|
20230815023002|290|
20230815023001|148|
20230812023002|108|
20230812023001|95|
20230811023002|194|
20230811023001|123|
20230810023002|1094|
20230810023001|246|
20230809023002|104|
20230809023001|141|
20230808023002|366|
20230808023001|153|
20230805023002|176|
20230805023001|300|
20230804023002|220|
20230804023001|245|
20230803023002|454|
20230803023001|135|
20230802023002|766|
20230802023001|170|
20230801023002|2258|
20230801023001|366|
20230731023001|28|
20230730023002|1482|
20230729023002|7574|
20230729023001|255|
20230728023002|4536|
20230728023001|287|
20230727023002|1736|
20230727023001|326|
20230726023002|2190|
20230726023001|207|
20230725023002|32530|
20230725023001|140|
20230724023001|8|
20230723023001|3|
20230722023002|982|
20230722023001|321|
20230721023002|3292|
20230721023001|100|
20230720023002|7000|
20230720023001|444|
20230719023002|60|
20230719023001|633|
20230718023002|1814|
20230718023001|384|
20230717023002|36|
20230717023001|12|
20230716023001|27|
20230715023002|144|
20230715023001|176|
20230714023002|712|
20230714023001|239|
20230713023002|244|
20230713023001|43|
20230712023002|264|
20230712023001|135|
20230711023002|534|
20230711023001|220|
20230710023001|2|
20230709023001|33|
20230708023002|384|
20230708023001|265|
20230707023002|952|
20230707023001|423|
20230706023002|208|
20230706023001|153|
20230705023002|36|
20230705023001|59|
20230704023002|954|
20230704023001|201|
20230702023001|77|
20230701023002|2640|
20230701023001|151|
20230630023002|320|
20230630023001|349|
20230629023002|3264|
20230629023001|105|
20230628023002|3492|
20230628023001|172|
20230627023002|5136|
20230627023001|379|
20230625023001|75|
20230624023002|2556|
20230624023001|503|
20230623023002|3020|
20230623023001|387|
20230622031002|5676|
20230622031001|184|
20230621023002|3248|
20230621023001|176|
20230620023002|198|
20230620023001|149|
20230619023001|4|
20230618023002|164|
20230617023002|74|
20230617023001|130|
20230616023002|80|
20230616023001|380|
20230615023002|296|
20230615023001|130|
20230614023002|436|
20230614023001|142|
20230613023002|60|
20230613023001|338|
20230611023001|3|
20230610023002|556|
20230610023001|201|
20230609023002|430|
20230609023001|318|
20230608023001|381|
20230607023002|16|
20230607023001|125|
20230606023002|614|
20230606023001|404|
20230604023001|1|
20230603023002|74|
20230603023001|147|
20230602023002|652|
20230602023001|368|
20230601023002|286|
20230601023001|409|
20230531023002|912|
20230531023001|244|
20230530023002|228|
20230530023001|116|
20230528023002|56|
20230527023002|4040|
20230527023001|226|
20230526023002|138|
20230526023001|436|
20230525023002|3384|
20230525023001|261|
20230524023002|5258|
20230524023001|259|
20230523023002|4038|
20230523023001|253|
20230522023002|270|
20230521023001|49|
20230520023002|998|
20230520023001|295|
20230519023002|3461|
20230519023001|214|
20230518023002|3719|
20230518023001|332|
20230517023002|2402|
20230517023001|179|
20230516023002|3394|
20230516023001|269|
20230515023001|51|
20230514023002|90|
20230513024002|912|
20230513024001|131|
20230512023002|1990|
20230512023001|165|
20230511023002|4638|
20230511023001|88|
20230510023002|2990|
20230510023001|199|
20230509023002|1282|
20230509023001|440|
20230508023001|1|
20230507023001|53|
20230506023002|718|
20230506023001|196|
20230505023002|1824|
20230505023001|364|
20230504023002|1992|
20230504023001|354|
20230503023002|3186|
20230503023001|246|
20230502023002|2590|
20230502023001|67|
20230430023002|52|
20230430023001|4|
20230429023002|982|
20230429023001|142|
20230428023002|474|
20230428023001|252|
20230427023002|2260|
20230427023001|271|
20230426023002|1824|
20230426023001|311|
20230425023002|824|
20230425023001|576|
20230424023001|12|
20230423023001|24|
20230422023002|3050|
20230422023001|156|
20230421023002|770|
20230421023001|381|
20230420023002|3900|
20230420023001|409|
20230419023002|2014|
20230419023001|280|
20230418023002|2392|
20230418023001|215|
20230416023002|552|
20230415023002|706|
20230415023001|815|
20230414023002|1346|
20230414023001|213|
20230413023002|2206|
20230413023001|173|
20230412023002|922|
20230412023001|276|
20230411023002|1790|
20230411023001|324|
20230409023002|20|
20230408023002|108|
20230408023001|235|
20230407023002|200|
20230407023001|1538|
20230406023002|356|
20230406023001|938|
20230405023002|424|
20230405023001|348|
20230404023002|272|
20230404023001|452|
20230403023002|38|
20230403023001|2|
20230401023002|1044|
20230401023001|199|
20230331023002|388|
20230331023001|338|
20230330023002|2076|
20230330023001|176|
20230329023002|2558|
20230329023001|144|
20230328023002|2438|
20230328023001|170|
20230325023002|2304|
20230325023001|133|
20230324023002|4146|
20230324023001|294|
20230323023002|120|
20230323023001|148|
20230322023002|342|
20230322023001|516|
20230321023002|208|
20230321023001|178|
20230319023001|56|
20230318023002|438|
20230318023001|206|
20230317023002|34|
20230317023001|181|
20230316023002|476|
20230316023001|204|
20230315023002|324|
20230315023001|192|
20230314023002|298|
20230314023001|247|
20230312033002|12|
20230311023002|522|
20230311023001|85|
20230310023002|292|
20230310023001|414|
20230309023002|118|
20230309023001|510|
20230308023002|322|
20230308023001|292|
20230307023002|366|
20230307023001|193|
20230306023001|31|
20230304023002|430|
20230304023001|183|
20230303023002|178|
20230303023001|382|
20230302023002|176|
20230302023001|200|
20230301023002|2116|
20230301023001|256|
20230228023002|1922|
20230228023001|111|
20230226023001|11|
20230225023002|1560|
20230225023001|195|
20230224023002|1818|
20230224023001|216|
20230223023002|350|
20230223023001|269|
20230222023002|130|
20230222023001|236|
20230221023002|364|
20230221023001|138|
20230220023002|6|
20230219023002|44|
20230218023002|292|
20230218023001|83|
20230217023002|248|
20230217023001|160|
20230216023002|480|
20230216023001|44|
20230215023002|36|
20230215023001|41|
20230214023002|268|
20230214023001|83|
20230212023002|39|
20230211023002|167|
20230211023001|127|
20230210023002|206|
20230210023001|145|
20230209023002|340|
20230209023001|157|
20230208023002|136|
20230208023001|145|
20230207023002|506|
20230207023001|215|
20230204023002|204|
20230204023001|58|
20230203023002|614|
20230203023001|132|
20230202023002|550|
20230202023001|215|
20230201023002|362|
20230201023001|142|
20230131023002|396|
20230131023001|45|
20230128023002|234|
20230128023001|109|
20230127023002|334|
20230127023001|104|
20230126023002|950|
20230126023001|141|
20230125023002|1248|
20230125023001|52|
20230124023002|2434|
20230124023001|103|
20230122023002|1368|
20230121023002|1878|
20230121023001|56|
20230120023002|1364|
20230120023001|253|
20230119023002|784|
20230119023001|226|
20230118023002|310|
20230118023001|95|
20230117023002|172|
20230117023001|78|
20230114023002|100|
20230114023001|101|
20230113023002|2942|
20230113023001|93|
20230112023002|2158|
20230112023001|94|
20230111023002|928|
20230111023001|22|
20230110023002|276|
20230110023001|40|
20230109023001|4|
20230107023002|2986|
20230107023001|38|
20230106023002|398|
20230106023001|65|
20230105023002|244|
20230105023001|149|
20230104023002|1120|
20230104023001|48|
20230103023002|100|
20230103023001|110|
20230102023001|14|
20230101023001|22|
20221231023002|740|
20221231023001|155|
20221230023002|834|
20221230023001|169|
20221229023002|3218|
20221229023001|260|
20221228023002|3844|
20221228023001|247|
20221227023002|22|
20221227023001|38|
20221225023002|6|
20221224023002|2160|
20221224023001|420|
20221223023002|3148|
20221223023001|528|
20221222023002|3788|
20221222023001|550|
20221221023002|2460|
20221221023001|318|
20221220023002|7952|
20221220023001|532|
20221219023001|899|
20221218023002|800|
20221218023001|93|
20221217023002|906|
20221217023001|391|
20221216023002|806|
20221216023001|869|
20221215023002|3534|
20221215023001|430|
20221214023002|3796|
20221214023001|1037|
20221213023002|1136|
20221213023001|352|
20221212023001|16|
20221211023002|6|
20221211023001|34|
20221210023002|4148|
20221210023001|892|
20221209023002|1596|
20221209023001|342|
20221208023002|504|
20221208023001|501|
20221207023002|3082|
20221207023001|1090|
20221206023002|4488|
20221206023001|367|
20221205023002|10|
20221205023001|13|
20221204023002|1266|
20221203023002|1200|
20221203023001|525|
20221202023002|3506|
20221202023001|920|
20221201023002|3790|
20221201023001|571|
20221130023002|7016|
20221130023001|1302|
20221129023002|3226|
20221129023001|778|
20221128023002|4230|
20221128023001|75|
20221127023002|2184|
20221127023001|185|
20221126023002|92|
20221126023001|242|
20221125023002|3368|
20221125023001|363|
20221124023002|9244|
20221124023001|464|
20221123023002|58|
20221123023001|607|
20221122023002|54|
20221122023001|455|
20221121023002|6|
20221121023001|25|
20221120023002|34|
20221120023001|159|
20221119023002|3302|
20221119023001|589|
20221118023002|1618|
20221118023001|316|
20221117023002|1062|
20221117023001|652|
20221116023002|1550|
20221116023001|322|
20221115023002|4372|
20221115023001|167|
20221114023001|1|
20221112023002|1894|
20221112023001|212|
20221111023002|2880|
20221111023001|355|
20221110023002|3682|
20221110023001|258|
20221109023002|4536|
20221109023001|318|
20221108023002|534|
20221108023001|299|
20221107023002|211|
20221107023001|25|
20221106023002|67|
20221106023001|89|
20221105023002|656|
20221105023001|126|
20221104023002|896|
20221104023001|894|
20221103023002|1704|
20221103023001|563|
20221102023002|5618|
20221102023001|572|
20221101023002|90|
20221101023001|514|
20221031023001|559|
20221029023002|744|
20221029023001|461|
20221028023002|2580|
20221028023001|519|
20221027023002|2590|
20221027023001|216|
20221026023002|2572|
20221026023001|678|
20221025023002|694|
20221025023001|1316|
20221024023001|68|
20221023023002|806|
20221023023001|15|
20221022023002|2044|
20221022023001|219|
20221021023002|1934|
20221021023001|714|
20221020023002|3662|
20221020023001|271|
20221019023002|8210|
20221019023001|232|
20221018023002|40|
20221018023001|278|
20221015023002|1352|
20221015023001|152|
20221014023002|906|
20221014023001|141|
20221013023002|852|
20221013023001|137|
20221012023002|4716|
20221012023001|109|
20221011023002|1274|
20221011023001|215|
20221008023002|1360|
20221008023001|237|
20221007023002|1394|
20221007023001|198|
20221006023002|3438|
20221006023001|339|
20221005023002|2128|
20221005023001|200|
20221004023002|2248|
20221004023001|407|
20221002023002|36|
20221002023001|42|
20221001023002|7638|
20221001023001|333|
20220930023002|3020|
20220930023001|567|
20220929023002|3760|
20220929023001|579|
20220928023002|3936|
20220928023001|496|
20220927023002|3386|
20220927023001|687|
20220926023001|113|
20220925023002|12|
20220925023001|75|
20220924023002|2242|
20220924023001|451|
20220923023002|3100|
20220923023001|200|
20220922023002|1634|
20220922023001|111|
20220921023002|3104|
20220921023001|269|
20220920023002|2380|
20220920023001|193|
20220919023001|72|
20220918023002|40|
20220917023002|504|
20220917023001|154|
20220916023002|220|
20220916023001|66|
20220915023002|216|
20220915023001|98|
20220914023002|424|
20220914023001|702|
20220913023002|228|
20220913023001|295|
20220912023001|6|
20220911023002|134|
20220910023002|24|
20220910023001|136|
20220909023002|146|
20220909023001|88|
20220908023002|232|
20220908023001|209|
20220907023002|714|
20220907023001|59|
20220906023002|174|
20220906023001|50|
20220903023002|328|
20220903023001|80|
20220902023002|370|
20220902023001|105|
20220901023002|4540|
20220901023001|64|
20220831023002|3178|
20220831023001|50|
20220830023002|2224|
20220830023001|57|
20220829023001|96|
20220828023002|96|
20220828023001|64|
20220827023002|2852|
20220827023001|95|
20220826023002|3738|
20220826023001|122|
20220825023002|3698|
20220825023001|137|
20220824023002|594|
20220824023001|142|
20220823023002|694|
20220823023001|143|
20220821023002|20|
20220820023002|2746|
20220820023001|135|
20220819023002|2012|
20220819023001|446|
20220818023002|2306|
20220818023001|419|
20220817023002|196|
20220817023001|69|
20220816023002|164|
20220816023001|111|
20220813023002|146|
20220813023001|152|
20220812023002|164|
20220812023001|90|
20220811023002|238|
20220811023001|204|
20220810023002|132|
20220810023001|176|
20220809023002|210|
20220809023001|319|
20220808023001|15|
20220807023001|86|
20220806023002|166|
20220806023001|493|
20220805023002|200|
20220805023001|81|
20220804023002|242|
20220804023001|510|
20220803023002|762|
20220803023001|264|
20220802023002|94|
20220802023001|277|
20220730023002|492|
20220730023001|99|
20220729023002|2322|
20220729023001|282|
20220728023002|3022|
20220728023001|208|
20220727023002|5846|
20220727023001|401|
20220726023002|2812|
20220726023001|472|
20220725023001|15|
20220723023002|3000|
20220723023001|464|
20220722023002|2432|
20220722023001|286|
20220721023002|3118|
20220721023001|296|
20220720023002|2418|
20220720023001|180|
20220719023002|1292|
20220719023001|48|
20220718023001|1|
20220717023002|60|
20220716025002|124|
20220716025001|65|
20220715023002|212|
20220715023001|58|
20220714023002|436|
20220714023001|108|
20220713023002|114|
20220713023001|198|
20220712023002|332|
20220712023001|108|
20220709023002|102|
20220709023001|146|
20220708023002|178|
20220708023001|111|
20220707023002|1060|
20220707023001|56|
20220706023002|552|
20220706023001|96|
20220705023002|6|
20220705023001|42|
20220702023002|440|
20220702023001|221|
20220701023002|1618|
20220701023001|119|
20220630023002|3046|
20220630023001|380|
20220629023002|2614|
20220629023001|237|
20220628023002|3294|
20220628023001|146|
20220627023001|10|
20220626023002|2368|
20220625023002|2770|
20220625023001|318|
20220624023002|5136|
20220624023001|456|
20220623023002|818|
20220623023001|250|
20220622023002|2026|
20220622023001|573|
20220621023002|2618|
20220621023001|206|
20220619023002|1182|
20220618023002|424|
20220618023001|43|
20220617023002|2032|
20220617023001|150|
20220616023002|324|
20220616023001|192|
20220615023002|264|
20220615023001|107|
20220614023002|484|
20220614023001|185|
20220611025002|642|
20220611025001|185|
20220610023002|360|
20220610023001|252|
20220609023002|720|
20220609023001|96|
20220608023002|48|
20220608023001|157|
20220607023002|42|
20220607023001|213|
20220606023002|40|
20220606023001|13|
20220605023002|220|
20220604023002|400|
20220604023001|274|
20220603023002|22|
20220603023001|218|
20220602023002|2690|
20220602023001|147|
20220601023002|2860|
20220601023001|166|
20220531023002|2646|
20220531023001|47|
20220530023002|2642|
20220530023001|21|
20220529023002|3188|
20220528023002|3038|
20220528023001|225|
20220527023002|5774|
20220527023001|162|
20220526023002|34|
20220526023001|65|
20220525023002|18|
20220525023001|128|
20220524023002|42|
20220524023001|150|
20220523023002|12|
20220521041002|4840|
20220521041001|74|
20220520023002|3240|
20220520023001|134|
20220519023002|264|
20220519023001|245|
20220518023001|154|
20220517023002|226|
20220517023001|222|
20220516023002|36|
20220516023001|10|
20220514023002|248|
20220514023001|354|
20220513023002|962|
20220513023001|301|
20220512023001|168|
20220511023002|322|
20220511023001|131|
20220510023002|194|
20220510023001|37|
20220507023002|296|
20220507023001|166|
20220506023002|706|
20220506023001|120|
20220505023002|66|
20220505023001|158|
20220504023002|670|
20220504023001|73|
20220503023002|18|
20220503023001|169|
20220502023002|4|
20220501023002|2652|
20220501023001|10|
20220430023002|2616|
20220430023001|425|
20220429023002|34|
20220429023001|258|
20220428023002|3128|
20220428023001|214|
20220427023002|2636|
20220427023001|163|
20220426023002|3192|
20220426023001|269|
20220425023002|40|
20220424023002|5262|
20220423023002|2248|
20220423023001|323|
20220422023002|42|
20220422023001|388|
20220421023002|5682|
20220421023001|393|
20220420023002|1724|
20220420023001|454|
20220419023002|16|
20220419023001|139|
20220417023002|20|
20220416023002|212|
20220416023001|28|
20220415023002|172|
20220415023001|17|
20220414023002|720|
20220414023001|75|
20220413023002|242|
20220413023001|189|
20220412023002|12|
20220412023001|200|
20220409023002|244|
20220409023001|363|
20220408023002|642|
20220408023001|430|
20220407023002|690|
20220407023001|289|
20220406023002|128|
20220406023001|707|
20220405023002|664|
20220405023001|432|
20220404023001|69|
20220403023001|68|
20220402023002|218|
20220402023001|173|
20220401023002|266|
20220401023001|196|
20220331023002|3100|
20220331023001|168|
20220330023002|2318|
20220330023001|202|
20220329023002|3054|
20220329023001|280|
20220327023002|52|
20220327023001|3|
20220326023002|3048|
20220326023001|342|
20220325023002|3302|
20220325023001|117|
20220324023002|3626|
20220324023001|153|
20220323023002|4688|
20220323023001|215|
20220322023002|2958|
20220322023001|190|
20220319023002|1942|
20220319023001|442|
20220318023002|252|
20220318023001|333|
20220317023002|1140|
20220317023001|246|
20220316023002|112|
20220316023001|203|
20220315023002|200|
20220315023001|137|
20220313013002|194|
20220312041002|256|
20220312041001|99|
20220311023002|232|
20220311023001|214|
20220310023002|372|
20220310023001|202|
20220309023002|104|
20220309023001|126|
20220308023002|238|
20220308023001|48|
20220305023002|174|
20220305023001|159|
20220304023002|658|
20220304023001|146|
20220303023002|654|
20220303023001|227|
20220302023002|460|
20220302023001|314|
20220301023002|252|
20220301023001|264|
20220228023002|12|
20220228023001|30|
20220227023002|814|
20220227023001|1|
20220226023002|832|
20220226023001|268|
20220225023002|1996|
20220225023001|369|
20220224023002|4538|
20220224023001|211|
20220223023002|3136|
20220223023001|139|
20220222023002|2602|
20220222023001|554|
20220219023002|2490|
20220219023001|445|
20220218023002|1050|
20220218023001|154|
20220217023002|644|
20220217023001|169|
20220216023002|384|
20220216023001|276|
20220215023002|240|
20220215023001|211|
20220214023002|6|
20220214023001|3|
20220213023001|42|
20220212023002|74|
20220212023001|188|
20220211023002|214|
20220211023001|133|
20220210023002|316|
20220210023001|154|
20220209023002|228|
20220209023001|93|
20220208023002|556|
20220208023001|114|
20220207023002|12|
20220207023001|1|
20220205023002|434|
20220205023001|172|
20220204023002|882|
20220204023001|169|
20220203023002|714|
20220203023001|81|
20220202023002|592|
20220202023001|139|
20220201023002|316|
20220201023001|300|
20220131023001|1|
20220129023002|332|
20220129023001|164|
20220128023002|684|
20220128023001|114|
20220127023002|872|
20220127023001|109|
20220126023002|1522|
20220126023001|38|
20220125023002|254|
20220125023001|100|
20220124023002|6|
20220122023002|2162|
20220122023001|148|
20220121023002|3218|
20220121023001|730|
20220120023002|260|
20220120023001|1289|
20220119023002|744|
20220119023001|63|
20220118023001|48|
20220117023001|7|
20220115023002|168|
20220115023001|65|
20220114023002|288|
20220114023001|59|
20220113023002|296|
20220113023001|123|
20220112023002|332|
20220112023001|80|
20220111023002|698|
20220111023001|39|
20220110023002|18|
20220110023001|6|
20220109023002|1974|
20220109023001|4|
20220108023002|2258|
20220108023001|186|
20220107023002|4496|
20220107023001|180|
20220106023002|1242|
20220106023001|101|
20220105023002|5600|
20220105023001|93|
20220104023002|326|
20220104023001|122|
20220102023001|4|
20220101023002|40|
20220101023001|83|
20211231023002|548|
20211231023001|154|
20211230023002|264|
20211230023001|145|
20211229023002|2144|
20211229023001|100|
20211228023002|324|
20211228023001|137|
20211225023002|1058|
20211225023001|18|
20211224023002|2786|
20211224023001|281|
20211223023002|2254|
20211223023001|521|
20211222023002|5436|
20211222023001|883|
20211221023002|3294|
20211221023001|616|
20211220023002|4|
20211219023002|100|
20211219023001|15|
20211218023002|3190|
20211218023001|255|
20211217023002|2814|
20211217023001|156|
20211216023002|938|
20211216023001|200|
20211215023002|2478|
20211215023001|490|
20211214023002|976|
20211214023001|679|
20211213023002|6|
20211213023001|35|
20211212023002|20|
20211212023001|15|
20211211024002|544|
20211211024001|322|
20211210023002|410|
20211210023001|306|
20211209023002|586|
20211209023001|351|
20211208023002|528|
20211208023001|2161|
20211207023002|618|
20211207023001|577|
20211206023001|21|
20211205023002|106|
20211205023001|57|
20211204034002|484|
20211204034001|509|
20211203023002|564|
20211203023001|401|
20211202023002|1138|
20211202023001|517|
20211201023002|3042|
20211201023001|1041|
20211130023002|4848|
20211130023001|316|
20211128023002|148|
20211128023001|34|
20211127023002|3608|
20211127023001|171|
20211126023002|3748|
20211126023001|188|
20211125023002|3706|
20211125023001|242|
20211124023002|3062|
20211124023001|593|
20211123023002|3154|
20211123023001|367|
20211122023001|13|
20211121023002|184|
20211121023001|15|
20211120023002|4756|
20211120023001|453|
20211119023002|2932|
20211119023001|881|
20211118023002|5822|
20211118023001|287|
20211117023002|4724|
20211117023001|379|
20211116023002|1672|
20211116023001|564|
20211114023002|12|
20211114023001|18|
20211113023002|646|
20211113023001|672|
20211112023002|1526|
20211112023001|560|
20211111023002|1676|
20211111023001|740|
20211110023002|3328|
20211110023001|509|
20211109023002|4084|
20211109023001|805|
20211108023002|30|
20211107023002|30|
20211107023001|50|
20211106023002|3658|
20211106023001|435|
20211105023002|3676|
20211105023001|278|
20211104023002|3372|
20211104023001|351|
20211103023002|2980|
20211103023001|269|
20211102023002|6952|
20211102023001|287|
20211030023002|3094|
20211030023001|2792|
20211029023002|2412|
20211029023001|240|
20211028023002|7416|
20211028023001|264|
20211027023002|3202|
20211027023001|373|
20211026023002|6494|
20211026023001|294|
20211024023002|56|
20211024023001|121|
20211023023002|3402|
20211023023001|325|
20211022023002|3876|
20211022023001|218|
20211021023002|4938|
20211021023001|228|
20211020023002|4040|
20211020023001|540|
20211019023002|2626|
20211019023001|343|
20211017023002|106|
20211016023002|3258|
20211016023001|428|
20211015023002|3062|
20211015023001|239|
20211014023002|1116|
20211014023001|261|
20211013023002|10406|
20211013023001|346|
20211012023001|267|
20211010023002|1030|
20211009023002|708|
20211009023001|348|
20211008023002|466|
20211008023001|204|
20211007023002|3666|
20211007023001|215|
20211006023002|3718|
20211006023001|114|
20211005023002|614|
20211005023001|183|
20211002023002|2686|
20211002023001|349|
20211001023002|2500|
20211001023001|333|
20210930023002|6690|
20210930023001|213|
20210929023002|5734|
20210929023001|201|
20210928023002|2842|
20210928023001|258|
20210927023002|4980|
20210926023002|1926|
20210925023002|3724|
20210925023001|108|
20210924023002|4330|
20210924023001|201|
20210923023002|6|
20210923023001|67|
20210922023002|82|
20210922023001|188|
20210921023002|342|
20210921023001|442|
20210918023002|102|
20210918023001|459|
20210917023002|826|
20210917023001|159|
20210916023002|400|
20210916023001|103|
20210915023002|424|
20210915023001|71|
20210914023002|2610|
20210914023001|229|
20210912023002|18|
20210912023001|2|
20210911023002|554|
20210911023001|32|
20210910023002|2348|
20210910023001|176|
20210909023002|2678|
20210909023001|163|
20210908023002|3082|
20210908023001|108|
20210907023002|1686|
20210907023001|26|
20210905023002|20|
20210904023002|2522|
20210904023001|54|
20210903023002|4508|
20210903023001|222|
20210902023002|3296|
20210902023001|134|
20210901023002|2032|
20210901023001|148|
20210831023002|3574|
20210831023001|106|
20210828023002|4542|
20210828023001|50|
20210827023002|2448|
20210827023001|66|
20210826023002|1952|
20210826023001|122|
20210825023002|4646|
20210825023001|61|
20210824023002|2702|
20210824023001|193|
20210821023002|2248|
20210821023001|329|
20210820023002|3464|
20210820023001|108|
20210819023002|4070|
20210819023001|61|
20210818023002|5234|
20210818023001|241|
20210817023002|6598|
20210817023001|191|
20210814023002|2618|
20210814023001|428|
20210813023002|3064|
20210813023001|121|
20210812023002|810|
20210812023001|114|
20210811023002|2572|
20210811023001|145|
20210810023002|3652|
20210810023001|114|
20210807023002|124|
20210807023001|38|
20210806023002|5572|
20210806023001|88|
20210805023002|32|
20210805023001|541|
20210804023002|2720|
20210804023001|32|
20210803023002|2642|
20210803023001|123|
20210731023002|636|
20210731023001|16|
20210730023002|1632|
20210730023001|300|
20210729023002|1292|
20210729023001|152|
20210728023002|2328|
20210728023001|94|
20210727023002|1794|
20210727023001|99|
20210725023001|9|
20210724023002|876|
20210724023001|184|
20210723023002|2436|
20210723023001|370|
20210722023002|548|
20210722023001|760|
20210721023002|2642|
20210721023001|271|
20210720023002|1194|
20210720023001|306|
20210718023002|1084|
20210717023002|2092|
20210717023001|188|
20210716023002|1130|
20210716023001|109|
20210715023002|354|
20210715023001|165|
20210714023002|116|
20210714023001|67|
20210713023002|148|
20210713023001|198|
20210711023002|12|
20210711023001|90|
20210710023002|176|
20210710023001|350|
20210709023002|142|
20210709023001|17|
20210708023002|1006|
20210708023001|159|
20210707023002|86|
20210707023001|79|
20210706023002|3884|
20210706023001|94|
20210705023002|150|
20210704023002|1958|
20210703023002|1138|
20210703023001|107|
20210702023002|176|
20210702023001|88|
20210701023002|174|
20210701023001|92|
20210630023002|144|
20210630023001|115|
20210629023002|48|
20210629023001|110|
20210626023002|148|
20210626023001|220|
20210625023002|96|
20210625023001|416|
20210624023002|2854|
20210624023001|212|
20210623023002|296|
20210623023001|59|
20210622023002|610|
20210622023001|134|
20210619023002|852|
20210619023001|665|
20210618023002|64|
20210618023001|243|
20210617023002|4724|
20210617023001|159|
20210616023002|3314|
20210616023001|301|
20210615023002|3820|
20210615023001|177|
20210614023002|24|
20210612025002|2026|
20210612025001|201|
20210611023002|2520|
20210611023001|180|
20210610023002|2502|
20210610023001|105|
20210609023002|3058|
20210609023001|226|
20210608023002|702|
20210608023001|226|
20210606023002|12|
20210606023001|18|
20210605023002|312|
20210605023001|157|
20210604023002|2046|
20210604023001|174|
20210603023002|66|
20210603023001|66|
20210602023002|234|
20210602023001|213|
20210601023002|146|
20210601023001|45|
20210530023002|40|
20210529023002|2342|
20210529023001|183|
20210528023002|532|
20210528023001|275|
20210527023002|302|
20210527023001|237|
20210526023002|426|
20210526023001|318|
20210525023002|928|
20210525023001|216|
20210524023002|40|
20210522023002|1274|
20210522023001|278|
20210521023002|1636|
20210521023001|93|
20210520023002|1616|
20210520023001|201|
20210519023002|3492|
20210519023001|477|
20210518023002|542|
20210518023001|459|
20210515023002|3054|
20210515023001|101|
20210514023002|3608|
20210514023001|215|
20210513023002|2466|
20210513023001|134|
20210512023002|590|
20210512023001|177|
20210511023002|2216|
20210511023001|202|
20210508023002|232|
20210508023001|281|
20210507023002|322|
20210507023001|339|
20210506023002|276|
20210506023001|39|
20210505023002|1676|
20210505023001|45|
20210504023002|1624|
20210504023001|108|
20210501023002|1728|
20210501023001|116|
20210430023002|1018|
20210430023001|55|
20210429023002|1146|
20210429023001|124|
20210428023002|1634|
20210428023001|96|
20210427023002|296|
20210427023001|21|
20210425023002|60|
20210424023002|1526|
20210424023001|90|
20210423023002|214|
20210423023001|141|
20210422023002|3066|
20210422023001|97|
20210421023002|414|
20210421023001|223|
20210420023002|414|
20210420023001|342|
20210417023002|2336|
20210417023001|215|
20210416023002|1952|
20210416023001|176|
20210415023002|1948|
20210415023001|136|
20210414023002|2486|
20210414023001|197|
20210413023002|3700|
20210413023001|330|
20210411023002|878|
20210410023002|972|
20210410023001|175|
20210409023002|1064|
20210409023001|147|
20210408023002|226|
20210408023001|387|
20210407023002|304|
20210407023001|204|
20210406023002|992|
20210406023001|150|
20210405023002|6|
20210405023001|6|
20210404023001|9|
20210403023002|470|
20210403023001|44|
20210402023002|1910|
20210402023001|138|
20210401023002|946|
20210401023001|101|
20210331023002|422|
20210331023001|88|
20210330023002|270|
20210330023001|124|
20210328023002|2094|
20210327023002|1392|
20210327023001|167|
20210326023002|1404|
20210326023001|235|
20210325023002|2444|
20210325023001|86|
20210324023002|1402|
20210324023001|296|
20210323023002|1286|
20210323023001|244|
20210321023002|1748|
20210320023002|1792|
20210320023001|398|
20210319023002|3122|
20210319023001|563|
20210318023002|428|
20210318023001|249|
20210317023002|498|
20210317023001|334|
20210316023002|246|
20210316023001|203|
20210315023002|48|
20210315023001|26|
20210314013001|12|
20210313023002|160|
20210313023001|355|
20210312023002|430|
20210312023001|208|
20210311023002|270|
20210311023001|190|
20210310023002|306|
20210310023001|515|
20210309023002|298|
20210309023001|189|
20210308023002|24|
20210308023001|15|
20210307023002|6|
20210307023001|15|
20210306023002|1996|
20210306023001|415|
20210305023002|1934|
20210305023001|257|
20210304023002|222|
20210304023001|667|
20210303023002|592|
20210303023001|500|
20210302023002|1816|
20210302023001|595|
20210301023002|24|
20210227023002|146|
20210227023001|164|
20210226023002|360|
20210226023001|170|
20210225023002|1000|
20210225023001|101|
20210224023002|418|
20210224023001|31|
20210223023002|156|
20210223023001|399|
20210222023002|6|
20210221023002|12|
20210220023002|174|
20210220023001|479|
20210219023002|206|
20210219023001|288|
20210218023002|322|
20210218023001|297|
20210217023002|318|
20210217023001|323|
20210216023002|140|
20210216023001|349|
20210213023002|330|
20210213023001|69|
20210212023002|358|
20210212023001|59|
20210211023002|366|
20210211023001|163|
20210210023002|266|
20210210023001|82|
20210209023002|354|
20210209023001|247|
20210208023002|196|
20210207023001|56|
20210206023002|42|
20210206023001|311|
20210205023002|412|
20210205023001|221|
20210204023002|656|
20210204023001|112|
20210203023002|1562|
20210203023001|72|
20210202023002|860|
20210202023001|249|
20210201023002|18|
20210131023001|5|
20210130023002|258|
20210130023001|132|
20210129023002|1702|
20210129023001|317|
20210128023002|972|
20210128023001|188|
20210127023002|174|
20210127023001|141|
20210126023002|2110|
20210126023001|199|
20210123023002|1602|
20210123023001|179|
20210122023002|666|
20210122023001|231|
20210121023002|382|
20210121023001|161|
20210120023002|674|
20210120023001|295|
20210119023002|682|
20210119023001|133|
20210118023002|18|
20210116023002|1782|
20210116023001|247|
20210115023002|1066|
20210115023001|131|
20210114023002|518|
20210114023001|254|
20210113023002|484|
20210113023001|211|
20210112023002|816|
20210112023001|114|
20210109032002|284|
20210109032001|222|
20210108023002|398|
20210108023001|250|
20210107023002|7994|
20210107023001|143|
20210106023002|386|
20210106023001|207|
20210105023002|632|
20210105023001|181|
20210102023002|168|
20210102023001|34|
20210101023002|396|
20210101023001|125|
20201231023002|3528|
20201231023001|281|
20201230023002|1278|
20201230023001|455|
20201229023002|2242|
20201229023001|382|
20201228023002|42|
20201227023002|18|
20201227023001|9|
20201226023002|68|
20201225023002|2186|
20201225023001|201|
20201224023002|2288|
20201224023001|648|
20201223023002|2702|
20201223023001|463|
20201222023002|2964|
20201222023001|916|
20201221023002|24|
20201220023001|329|
20201219023002|3536|
20201219023001|764|
20201218023002|2678|
20201218023001|592|
20201217023002|1406|
20201217023001|440|
20201216023002|4408|
20201216023001|457|
20201215023002|984|
20201215023001|238|
20201213023002|140|
20201212023002|5352|
20201212023001|339|
20201211023002|3110|
20201211023001|278|
20201210023002|3050|
20201210023001|2371|
20201209023002|2060|
20201209023001|151|
20201208023002|3568|
20201208023001|313|
20201207023002|24|
20201206023002|144|
20201205023002|1298|
20201205023001|215|
20201204023002|3098|
20201204023001|387|
20201203023002|3612|
20201203023001|324|
20201202023002|1158|
20201202023001|387|
20201201023002|3470|
20201201023001|124|
20201130023001|18|
20201129023002|28|
20201128023002|1232|
20201128023001|108|
20201127023002|1018|
20201127023001|316|
20201126023002|866|
20201126023001|243|
20201125023002|4240|
20201125023001|414|
20201124023002|3926|
20201124023001|449|
20201123023001|2|
20201122023001|15|
20201121023002|2078|
20201121023001|403|
20201120023002|3698|
20201120023001|839|
20201119023002|3384|
20201119023001|372|
20201118023002|4696|
20201118023001|574|
20201117023002|1426|
20201117023001|461|
20201116023002|18|
20201115023002|18|
20201115023001|65|
20201114023002|3072|
20201114023001|416|
20201113023002|654|
20201113023001|432|
20201112023002|752|
20201112023001|387|
20201111023002|966|
20201111023001|412|
20201110023002|1252|
20201110023001|558|
20201109023001|99|
20201108023002|86|
20201108023001|64|
20201107023002|780|
20201107023001|555|
20201106023002|1126|
20201106023001|399|
20201105023002|1034|
20201105023001|343|
20201104023002|1254|
20201104023001|259|
20201103023002|4152|
20201103023001|455|
20201102052001|60|
20201101023002|114|
20201101023001|121|
20201031023002|2790|
20201031023001|614|
20201030023002|4208|
20201030023001|451|
20201029023002|4272|
20201029023001|546|
20201028023002|2696|
20201028023001|544|
20201027023002|2698|
20201027023001|352|
20201026023001|66|
20201025023002|24|
20201025023001|44|
20201024023002|3508|
20201024023001|787|
20201023023002|1254|
20201023023001|519|
20201022023002|3232|
20201022023001|872|
20201021023002|4092|
20201021023001|453|
20201020023002|3152|
20201020023001|756|
20201019023002|28|
20201019023001|30|
20201018023002|12|
20201018023001|50|
20201017023002|3688|
20201017023001|300|
20201016023002|914|
20201016023001|634|
20201015023002|864|
20201015023001|142|
20201014023002|534|
20201014023001|475|
20201013023002|1066|
20201013023001|665|
20201011023002|28|
20201011023001|30|
20201010023002|552|
20201010023001|522|
20201009023002|1096|
20201009023001|638|
20201008023002|1916|
20201008023001|314|
20201007023002|104|
20201007023001|159|
20201006023002|492|
20201006023001|277|
20201004023002|8|
20201003023002|688|
20201003023001|198|
20201002023002|420|
20201002023001|157|
20201001023002|1072|
20201001023001|210|
20200930023002|2828|
20200930023001|273|
20200929023002|2278|
20200929023001|289|
20200927023002|14|
20200926023002|2614|
20200926023001|371|
20200925023002|2102|
20200925023001|87|
20200924023002|3184|
20200924023001|891|
20200923023002|3090|
20200923023001|134|
20200922023002|2518|
20200922023001|308|
20200921023002|5361|
20200921023001|1120|
20200920023001|121|
20200919023002|2758|
20200919023001|236|
20200918023002|4426|
20200918023001|186|
20200917023002|2704|
20200917023001|78|
20200916023002|532|
20200916023001|61|
20200915023002|236|
20200915023001|154|
20200914023002|919|
20200914023001|1029|
20200913023002|18|
20200913023001|20|
20200912023002|248|
20200912023001|80|
20200911023002|66|
20200911023001|136|
20200910023002|352|
20200910023001|12|
20200909023002|384|
20200909023001|115|
20200908023002|6|
20200908023001|149|
20200907023002|2540637|
20200907023001|1535248|
20200905023002|170|
20200905023001|161|
20200904023002|796|
20200904023001|343|
20200903023002|198|
20200903023001|165|
20200902023002|460|
20200902023001|67|
20200901023002|154|
20200901023001|136|
20200829023002|372|
20200829023001|23|
20200828023002|3106|
20200828023001|48|
20200827023002|2804|
20200827023001|629|
20200826023002|3352|
20200826023001|249|
20200825023002|1850|
20200825023001|589|
20200823035002|2162|
20200822024001|57|
20200821023002|3490|
20200821023001|82|
20200820023002|4752|
20200820023001|109|
20200819023002|3440|
20200819023001|262|
20200818023002|2790|
20200818023001|298|
20200817023001|3|
20200815023002|126|
20200815023001|180|
20200814023002|378|
20200814023001|130|
20200813023002|250|
20200813023001|130|
20200812023002|196|
20200812023001|123|
20200811023002|178|
20200811023001|89|
20200810023002|6|
20200810023001|19|
20200809023002|30|
20200808023002|174|
20200808023001|73|
20200807023002|670|
20200807023001|83|
20200806023002|566|
20200806023001|178|
20200805023002|760|
20200805023001|189|
20200804023002|408|
20200804023001|185|
20200803023001|44|
20200801023002|196|
20200801023001|91|
20200731023002|3674|
20200731023001|191|
20200730023002|2454|
20200730023001|94|
20200729023002|2838|
20200729023001|394|
20200728023002|3640|
20200728023001|96|
20200727023001|44|
20200725023002|1666|
20200725023001|126|
20200724023002|5174|
20200724023001|133|
20200723023002|1672|
20200723023001|175|
20200722023002|2414|
20200722023001|237|
20200721023002|1774|
20200721023001|317|
20200718023002|2612|
20200718023001|146|
20200717023002|204|
20200717023001|159|
20200716023002|142|
20200716023001|187|
20200715023002|589|
20200715023001|276|
20200714023002|163|
20200714023001|288|
20200713023002|12|
20200712023001|5|
20200711023002|94|
20200711023001|249|
20200710023002|424|
20200710023001|291|
20200709023002|226|
20200709023001|196|
20200708023002|162|
20200708023001|190|
20200707023002|686|
20200707023001|125|
20200706023001|13|
20200704023002|48|
20200704023001|125|
20200703023002|906|
20200703023001|192|
20200702023002|246|
20200702023001|185|
20200701023002|1710|
20200701023001|130|
20200630023002|3134|
20200630023001|119|
20200629023002|24|
20200629023001|20|
20200627040002|2678|
20200627040001|131|
20200626023002|2688|
20200626023001|100|
20200625023002|1644|
20200625023001|125|
20200624023002|3186|
20200624023001|337|
20200623023002|3976|
20200623023001|1357|
20200622023002|16|
20200621023001|3|
20200620023002|1648|
20200620023001|156|
20200619023002|2286|
20200619023001|203|
20200618023002|2474|
20200618023001|244|
20200617023002|3406|
20200617023001|143|
20200616023002|260|
20200616023001|253|
20200613023002|192|
20200613023001|129|
20200612023002|300|
20200612023001|189|
20200611023002|246|
20200611023001|97|
20200610023002|758|
20200610023001|126|
20200609023002|384|
20200609023001|211|
20200606023002|150|
20200606023001|183|
20200605023002|262|
20200605023001|240|
20200604023002|284|
20200604023001|67|
20200603023002|1580|
20200603023001|79|
20200602023002|3284|
20200602023001|141|
20200601044001|5|
20200530023002|3064|
20200530023001|141|
20200529023002|3116|
20200529023001|106|
20200528023002|3026|
20200528023001|197|
20200527023002|3584|
20200527023001|323|
20200526023002|48|
20200526023001|14|
20200525023002|171|
20200524023002|167|
20200523023002|4502|
20200523023001|340|
20200522023002|2858|
20200522023001|369|
20200521023002|2882|
20200521023001|282|
20200520023002|2356|
20200520023001|521|
20200519023002|2008|
20200519023001|1070|
20200516023002|252|
20200516023001|82|
20200515023002|400|
20200515023001|329|
20200514023002|148|
20200514023001|241|
20200513023002|212|
20200513023001|241|
20200512023002|266|
20200512023001|262|
20200509131002|392|
20200509131001|579|
20200508023002|306|
20200508023001|263|
20200507023002|244|
20200507023001|201|
20200506023002|502|
20200506023001|376|
20200505023002|682|
20200505023001|232|
20200504023001|23|
20200503023001|93|
20200502023002|216|
20200502023001|362|
20200501023002|2788|
20200501023001|521|
20200430023002|124|
20200430023001|373|
20200429023002|2170|
20200429023001|316|
20200428023002|3030|
20200428023001|192|
20200427023001|15|
20200426023001|20|
20200425023002|2548|
20200425023001|91|
20200424023002|2808|
20200424023001|312|
20200423023002|2504|
20200423023001|206|
20200422023002|3214|
20200422023001|289|
20200421023002|1826|
20200421023001|956|
20200419023002|42|
20200418023002|3068|
20200418023001|249|
20200417023002|4366|
20200417023001|611|
20200416023002|314|
20200416023001|287|
20200415023002|214|
20200415023001|200|
20200414023002|504|
20200414023001|438|
20200413023001|16|
20200412053002|28|
20200412053001|9|
20200411023002|178|
20200411023001|227|
20200410023002|252|
20200410023001|303|
20200409023002|1182|
20200409023001|202|
20200408023002|480|
20200408023001|186|
20200407023002|596|
20200407023001|158|
20200404023002|3710|
20200404023001|224|
20200403023002|90|
20200403023001|248|
20200402023002|270|
20200402023001|450|
20200401023002|620|
20200401023001|144|
20200331023002|2012|
20200331023001|314|
20200330023001|34|
20200329023002|2774|
20200329023001|42|
20200328023002|5564|
20200328023001|647|
20200327023002|1473|
20200327023001|370|
20200326023002|1029|
20200326023001|255|
20200325023002|2666|
20200325023001|241|
20200324023002|2678|
20200324023001|333|
20200322023002|86|
20200321023002|2734|
20200321023001|397|
20200320023002|2534|
20200320023001|331|
20200319023002|6788|
20200319023001|154|
20200318023002|76|
20200318023001|120|
20200317023002|1534|
20200317023001|248|
20200315023002|18|
20200314023002|2654|
20200314023001|305|
20200313023002|292|
20200313023001|222|
20200312023002|404|
20200312023001|475|
20200311023002|182|
20200311023001|175|
20200310023002|266|
20200310023001|286|
20200307023002|512|
20200307023001|271|
20200306023002|382|
20200306023001|227|
20200305023002|430|
20200305023001|269|
20200304023002|356|
20200304023001|149|
20200303023002|758|
20200303023001|127|
20200302023001|10|
20200301023002|12|
20200229023002|292|
20200229023001|85|
20200228023002|216|
20200228023001|101|
20200227023002|2000|
20200227023001|246|
20200226023002|1112|
20200226023001|204|
20200225023002|2124|
20200225023001|476|
20200223023002|1284|
20200222023002|356|
20200222023001|407|
20200221023002|54|
20200221023001|538|
20200220023002|210|
20200220023001|335|
20200219023002|2288|
20200219023001|159|
20200218023002|1204|
20200218023001|201|
20200216023002|40|
20200216023001|4|
20200215023002|704|
20200215023001|130|
20200214023002|136|
20200214023001|103|
20200213102002|650|
20200213102001|213|
20200212023002|226|
20200212023001|224|
20200211023002|344|
20200211023001|407|
20200209023002|20|
20200208023002|448|
20200208023001|785|
20200207023002|688|
20200207023001|183|
20200206023002|544|
20200206023001|165|
20200205023002|324|
20200205023001|185|
20200204054002|746|
20200204054001|147|
20200203023001|2|
20200201023002|366|
20200201023001|128|
20200131023002|1974|
20200131023001|220|
20200130023002|1170|
20200130023001|199|
20200129023002|2858|
20200129023001|465|
20200128023002|1354|
20200128023001|204|
20200125023002|940|
20200125023001|205|
20200124023002|1218|
20200124023001|247|
20200123044002|2369587|
20200123023048|1502859|
